Time taken by function: 2.11517  seconds
80
1 59 2 100 
89
1 59 2 20 29 100 
90
1 59 36 100 
96
1 59 49 20 29 100 
98
1 59 2 95 88 100 
102
1 59 2 20 95 88 100 
107
1 59 63 52 2 100 
107
1 59 2 95 20 29 100 
107
1 59 63 38 95 88 100 
108
1 59 63 52 41 2 100 
109
1 59 49 20 95 88 100 
110
1 59 63 38 20 29 100 
110
1 37 24 29 100 
112
1 59 89 91 36 100 
113
1 59 49 31 42 100 
113
1 59 36 33 20 29 100 
114
1 59 63 52 3 41 2 100 
116
1 59 63 38 95 20 29 100 
116
1 59 63 52 2 20 29 100 
117
1 59 63 52 41 2 20 29 100 
119
1 59 63 52 41 87 20 29 100 
121
1 59 24 29 100 
122
1 59 89 91 88 100 
122
1 59 63 38 32 2 100 
122
1 59 8 6 41 2 100 
123
1 59 63 52 3 41 2 20 29 100 
123
1 59 63 38 20 95 88 100 
123
1 59 63 38 32 41 2 100 
123
1 59 49 31 71 20 29 100 
124
1 59 63 38 35 88 100 
124
1 59 63 38 32 92 42 100 
125
1 59 63 52 2 95 88 100 
125
1 59 63 52 3 41 87 20 29 100 
125
1 59 63 52 41 49 20 29 100 
126
1 59 63 52 41 2 95 88 100 
126
1 59 36 33 20 95 88 100 
126
1 59 36 99 20 29 100 
127
1 59 8 6 31 42 100 
127
1 59 89 91 14 100 
128
1 59 89 91 4 29 100 
129
1 59 63 52 2 20 95 88 100 
130
1 59 63 52 41 2 20 95 88 100 
130
1 59 2 80 100 
131
1 59 8 6 41 2 20 29 100 
131
1 59 44 94 100 
131
1 59 8 6 24 29 100 
131
1 37 41 2 100 
131
1 59 63 52 3 41 49 20 29 100 
131
1 59 63 38 32 2 20 29 100 
132
1 59 63 38 32 41 2 20 29 100 
132
1 59 63 52 3 41 2 95 88 100 
132
1 59 63 52 41 87 20 95 88 100 
133
1 59 8 6 41 87 20 29 100 
134
1 59 63 34 100 
134
1 59 63 52 2 95 20 29 100 
134
1 59 63 38 32 41 87 20 29 100 
134
1 59 49 31 6 41 2 100 
134
1 59 2 20 42 100 
135
1 59 89 91 36 33 20 29 100 
135
1 59 63 38 95 2 100 
135
1 59 63 52 41 2 95 20 29 100 
135
1 59 78 88 100 
136
1 59 63 52 36 100 
136
1 59 2 37 24 29 100 
136
1 59 89 91 96 100 
136
1 59 63 52 41 45 92 42 100 
136
1 59 8 6 35 88 100 
136
1 59 49 31 71 20 95 88 100 
136
1 59 63 52 3 41 2 20 95 88 100 
137
1 59 8 6 31 71 20 29 100 
137
1 37 24 29 20 95 88 100 
137
1 59 49 20 95 2 100 
137
1 59 44 7 35 88 100 
138
1 59 63 52 41 49 20 95 88 100 
138
1 59 63 52 3 41 87 20 95 88 100 
139
1 72 37 24 29 100 
139
1 59 89 12 32 2 100 
139
1 59 36 99 20 95 88 100 
139
1 59 8 6 41 49 20 29 100 
140
1 59 63 38 32 2 95 88 100 
140
1 37 41 2 20 29 100 
140
1 59 63 38 32 41 49 20 29 100 
140
1 59 89 12 32 41 2 100 
140
1 59 8 6 41 2 95 88 100 
141
1 59 8 63 52 2 100 
141
1 59 8 63 38 95 88 100 
141
1 59 49 20 42 100 
141
1 59 89 12 32 92 42 100 
141
1 59 63 52 3 41 2 95 20 29 100 
141
1 59 63 38 32 41 2 95 88 100 
141
1 59 89 91 14 85 13 100 
142
1 59 8 63 52 41 2 100 
142
1 59 63 52 3 41 45 92 42 100 
142
1 59 63 52 41 49 31 42 100 
142
1 37 41 87 20 29 100 
142
1 59 63 38 35 49 20 29 100 
142
1 72 53 100 
142
1 59 44 98 36 100 
143
1 59 78 95 88 100 
143
1 59 89 35 88 100 
