Time taken by function: 0.244961  seconds
1
1 19 33 54 76 88 98 100 
2
1 19 44 69 93 100 
2
1 19 33 40 51 76 88 98 100 
2
1 19 28 51 76 88 98 100 
2
1 19 44 69 93 98 100 
3
1 19 33 40 61 72 83 100 
3
1 19 22 23 46 60 61 72 83 100 
3
1 19 44 69 73 91 93 100 
3
1 19 33 52 54 76 88 98 100 
3
1 19 22 23 46 60 61 72 83 93 100 
3
1 19 44 69 73 76 88 98 100 
3
1 19 44 69 73 91 93 98 100 
3
1 19 22 23 46 60 61 72 76 88 98 100 
3
1 19 33 52 55 76 88 98 100 
3
1 17 33 54 76 88 98 100 
3
1 15 28 51 76 88 98 100 
3
1 15 40 51 76 88 98 100 
3
1 19 33 40 61 72 83 93 100 
3
1 19 33 40 61 72 76 88 98 100 
3
1 19 22 23 46 60 61 72 83 93 98 100 
3
1 19 33 40 61 72 83 93 98 100 
4
1 19 22 23 46 60 61 72 83 91 93 100 
4
1 19 22 23 46 51 76 88 98 100 
4
1 15 25 50 65 83 100 
4
1 15 40 61 72 83 100 
4
1 19 22 25 50 65 83 100 
4
1 19 30 55 76 88 98 100 
4
1 19 44 48 70 83 100 
4
1 19 22 31 42 61 72 83 100 
4
1 19 22 25 47 72 83 100 
4
1 19 22 25 50 65 83 93 100 
4
1 19 44 46 60 61 72 83 100 
4
1 19 22 31 42 59 61 72 83 100 
4
1 19 22 31 42 61 72 76 88 98 100 
4
1 19 22 31 42 61 72 83 93 100 
4
1 19 22 25 50 65 83 93 98 100 
4
1 19 22 25 41 61 72 83 100 
4
1 19 22 25 47 72 76 88 98 100 
4
1 19 22 25 47 72 83 93 100 
4
1 19 22 25 47 60 61 72 83 100 
4
1 19 22 41 61 72 83 100 
4
1 19 44 48 51 76 88 98 100 
4
1 19 44 48 70 83 93 100 
4
1 19 22 31 41 61 72 83 100 
4
1 19 33 40 55 76 88 98 100 
4
1 17 40 51 76 88 98 100 
4
1 15 40 61 72 76 88 98 100 
4
1 15 40 61 72 83 93 100 
4
1 17 33 40 51 76 88 98 100 
4
1 15 25 50 65 83 93 100 
4
1 15 21 40 51 76 88 98 100 
4
1 19 33 57 62 72 83 100 
4
1 15 25 47 72 83 100 
4
1 19 22 23 46 60 61 72 83 91 93 98 100 
4
1 19 33 54 76 88 98 99 100 
4
1 19 22 23 46 60 61 72 74 76 88 98 100 
4
1 15 25 47 72 83 93 100 
4
1 15 25 41 61 72 83 100 
4
1 15 25 47 60 61 72 83 100 
4
1 15 25 47 72 83 93 98 100 
4
1 15 25 47 71 84 92 93 100 
4
1 15 25 47 60 61 72 76 88 98 100 
4
1 15 25 47 60 61 72 83 93 100 
4
1 15 25 47 72 76 88 98 100 
4
1 15 25 47 71 84 92 93 98 100 
4
1 15 25 47 60 61 72 83 93 98 100 
4
1 15 25 47 71 76 88 98 100 
4
1 15 25 41 51 76 88 98 100 
4
1 15 25 41 61 72 76 88 98 100 
4
1 15 25 41 61 72 83 93 100 
4
1 15 25 45 67 76 88 98 100 
4
1 15 25 41 61 72 83 93 98 100 
4
1 19 22 34 41 61 72 83 100 
4
1 19 33 45 67 76 88 98 100 
4
1 19 33 54 78 100 
4
1 19 33 40 51 59 61 72 83 100 
4
1 19 44 69 81 93 100 
4
1 19 33 40 61 72 83 91 93 100 
4
1 19 22 34 41 61 72 83 93 100 
4
1 19 33 40 61 72 74 76 88 98 100 
4
1 19 33 55 76 88 98 100 
4
1 19 33 51 76 88 98 100 
4
1 19 33 57 62 72 76 88 98 100 
4
1 19 33 57 62 72 83 93 100 
4
1 19 33 57 69 93 100 
4
1 19 33 57 62 72 83 93 98 100 
4
1 19 33 57 73 91 93 100 
4
1 19 33 57 69 93 98 100 
4
1 19 33 57 73 76 88 98 100 
4
1 19 33 57 73 91 93 98 100 
4
1 19 33 52 59 61 72 83 100 
4
1 19 33 52 60 61 72 83 100 
4
1 19 33 52 59 61 72 76 88 98 100 
4
1 19 33 52 59 61 72 83 93 100 
4
1 19 33 52 59 61 72 83 93 98 100 
4
1 19 33 52 60 61 72 76 88 98 100 
4
1 19 33 52 60 61 72 83 93 100 
4
1 19 33 52 60 61 72 83 93 98 100 
4
1 15 25 50 65 83 93 98 100 
4
1 15 40 61 72 83 93 98 100 
